
Processing nevent_PFHT.cc...
mc accumulate 50to80
0
0
1
2
4
12
37
87
2822
22545

mc accumulate 80to120
1
2
10
12
40
140
936
3725
80941
290558

mc accumulate 120to170
1
1
14
93
558
2326
9949
23839
195068
109419

mc accumulate 170to300
133
762
2348
6994
18993
41469
79645
91000
117687
29890

mc accumulate 300to470
32735
82180
137808
201360
205090
75448
18933
12539
25305
1422

mc accumulate 470to600
375677
271027
37990
7054
3660
3864
3508
582
151
20

mc accumulate 600to800
926100
12834
2633
1561
1424
512
89
15
18
2

mc accumulate 800to1000
513894
358
108
37
15
5
2
1
1
0

mc accumulate 1000to1400
271196
16
6
1
3
0
0
0
0
0

mc accumulate 1400to1800
142991
2
0
0
0
0
0
0
0
0

mc accumulate 1800to2400
81821
0
0
0
0
0
0
0
0
0

mc accumulate 2400to3200
26333
0
0
0
0
0
0
0
0
0

mc accumulate 3200
15805
0
0
0
0
0
0
0
0
0

(int) 0
