
Processing nevent_PFHT.cc...
mc accumulate 50to80
1
2
2
5
7
19
77
208
6236
48214

mc accumulate 80to120
3
0
2
12
35
155
1070
4365
88985
301010

mc accumulate 120to170
4
12
63
383
2132
8976
37257
86194
653188
323631

mc accumulate 170to300
328
1825
5419
16151
42532
89267
165496
181280
209337
58069

mc accumulate 300to470
42307
102523
161635
224755
207106
63133
17501
13846
25874
1167

mc accumulate 470to600
587048
332972
34858
6849
4665
5330
4186
624
189
12

mc accumulate 600to800
7732003
65763
15040
11953
10882
3001
501
153
126
14

mc accumulate 800to1000
4396875
2031
847
268
72
49
25
10
8
1

mc accumulate 1000to1400
2447459
102
53
29
12
6
3
1
2
1

mc accumulate 1400to1800
1488504
10
5
2
0
2
1
0
0
0

mc accumulate 1800to2400
693520
1
0
0
0
0
0
0
0
0

mc accumulate 2400to3200
195024
0
0
0
0
0
0
0
0
0

mc accumulate 3200
100000
0
0
0
0
0
0
0
0
0

(int) 0
